#EEP	M/Mo	LogTeff	LogG	LogL/Lo	sdss_u	sdss_g	sdss_r	sdss_i	sdss_z
12	0.110099	3.5354	5.3344	-2.7600	17.8610	14.1306	12.4496	11.6434	11.2132
13	0.121535	3.5417	5.2837	-2.6407	17.2999	13.7343	12.0867	11.3298	10.9188
14	0.135386	3.5487	5.2320	-2.5144	16.7200	13.3153	11.7058	10.9968	10.6063
15	0.151964	3.5561	5.1861	-2.3891	16.1537	12.8977	11.3300	10.6652	10.2955
16	0.169215	3.5629	5.1518	-2.2809	15.6676	12.5346	11.0073	10.3786	10.0271
17	0.184543	3.5680	5.1260	-2.1964	15.2999	12.2536	10.7594	10.1558	9.8171
18	0.198285	3.5720	5.1042	-2.1275	15.0131	12.0288	10.5612	9.9751	9.6459
19	0.212123	3.5754	5.0836	-2.0641	14.7590	11.8256	10.3814	9.8095	9.4880
20	0.226764	3.5786	5.0641	-2.0031	14.5216	11.6325	10.2103	9.6510	9.3363
21	0.242555	3.5816	5.0452	-1.9429	14.2895	11.4429	10.0425	9.4949	9.1865
22	0.259924	3.5846	5.0271	-1.8828	14.0590	11.2539	9.8757	9.3392	9.0369
23	0.277428	3.5873	5.0112	-1.8277	13.8490	11.0812	9.7234	9.1967	8.8999
24	0.292579	3.5896	4.9983	-1.7827	13.6784	10.9408	9.5997	9.0808	8.7882
25	0.303437	3.5910	4.9894	-1.7518	13.5610	10.8445	9.5150	9.0012	8.7114
26	0.310991	3.5920	4.9837	-1.7316	13.4846	10.7815	9.4596	8.9490	8.6611
27	0.316613	3.5927	4.9798	-1.7170	13.4295	10.7362	9.4198	8.9115	8.6249
28	0.320915	3.5933	4.9773	-1.7065	13.3887	10.7028	9.3906	8.8843	8.5985
29	0.324538	3.5938	4.9749	-1.6972	13.3528	10.6735	9.3652	8.8604	8.5755
30	0.328050	3.5943	4.9723	-1.6880	13.3177	10.6447	9.3400	8.8367	8.5528
31	0.332296	3.5949	4.9695	-1.6774	13.2765	10.6110	9.3107	8.8092	8.5265
32	0.337360	3.5956	4.9661	-1.6646	13.2267	10.5703	9.2754	8.7761	8.4946
33	0.343112	3.5963	4.9617	-1.6495	13.1691	10.5233	9.2346	8.7377	8.4574
34	0.353558	3.5980	4.9520	-1.6203	13.0551	10.4299	9.1536	8.6620	8.3848
35	0.385021	3.6040	4.9191	-1.5262	12.6763	10.1216	8.8906	8.4178	8.1513
36	0.411314	3.6104	4.8882	-1.4410	12.3248	9.8352	8.6503	8.1963	7.9411
37	0.422211	3.6136	4.8737	-1.4023	12.1635	9.7021	8.5396	8.0951	7.8455
38	0.432522	3.6169	4.8597	-1.3648	12.0070	9.5723	8.4321	7.9971	7.7533
39	0.443011	3.6205	4.8455	-1.3257	11.8425	9.4354	8.3196	7.8950	7.6576
40	0.454742	3.6250	4.8302	-1.2811	11.6505	9.2766	8.1901	7.7784	7.5490
41	0.467045	3.6304	4.8146	-1.2325	11.4344	9.0990	8.0470	7.6510	7.4310
42	0.479175	3.6362	4.7999	-1.1830	11.2085	8.9150	7.9002	7.5212	7.3119
43	0.490293	3.6421	4.7874	-1.1371	10.9922	8.7407	7.7627	7.4007	7.2020
44	0.500284	3.6477	4.7771	-1.0958	10.7900	8.5811	7.6380	7.2921	7.1036
45	0.508964	3.6529	4.7690	-1.0595	10.6041	8.4389	7.5282	7.1970	7.0178
46	0.517110	3.6580	4.7623	-1.0250	10.4157	8.3024	7.4238	7.1065	6.9362
47	0.525312	3.6635	4.7559	-0.9901	10.2173	8.1642	7.3183	7.0147	6.8536
48	0.533959	3.6694	4.7496	-0.9532	10.0037	8.0199	7.2075	6.9178	6.7661
49	0.543221	3.6758	4.7431	-0.9138	9.7709	7.8685	7.0914	6.8155	6.6734
50	0.553135	3.6825	4.7361	-0.8718	9.5234	7.7102	6.9694	6.7079	6.5759
51	0.563329	3.6895	4.7290	-0.8288	9.2717	7.5506	6.8454	6.5985	6.4768
52	0.568455	3.6930	4.7255	-0.8071	9.1456	7.4720	6.7839	6.5438	6.4271
53	0.573550	3.6966	4.7219	-0.7856	9.0215	7.3954	6.7235	6.4897	6.3778
54	0.578612	3.7000	4.7183	-0.7644	8.8994	7.3202	6.6642	6.4365	6.3293
55	0.583648	3.7035	4.7147	-0.7433	8.7804	7.2468	6.6059	6.3842	6.2815
56	0.588640	3.7069	4.7109	-0.7224	8.6648	7.1751	6.5487	6.3326	6.2342
57	0.593585	3.7101	4.7070	-0.7017	8.5537	7.1054	6.4926	6.2820	6.1878
58	0.598484	3.7133	4.7030	-0.6813	8.4467	7.0374	6.4378	6.2324	6.1422
59	0.603333	3.7164	4.6987	-0.6611	8.3433	6.9711	6.3840	6.1837	6.0974
60	0.608126	3.7195	4.6945	-0.6413	8.2430	6.9064	6.3315	6.1361	6.0535
61	0.612864	3.7224	4.6901	-0.6216	8.1455	6.8431	6.2801	6.0893	6.0104
62	0.617549	3.7254	4.6857	-0.6022	8.0512	6.7811	6.2297	6.0434	5.9679
63	0.622185	3.7282	4.6811	-0.5830	7.9598	6.7203	6.1800	5.9983	5.9261
64	0.626770	3.7310	4.6764	-0.5640	7.8716	6.6607	6.1313	5.9539	5.8850
65	0.631308	3.7337	4.6716	-0.5452	7.7863	6.6020	6.0833	5.9103	5.8446
66	0.635803	3.7363	4.6667	-0.5266	7.7038	6.5441	6.0360	5.8674	5.8049
67	0.640254	3.7390	4.6617	-0.5082	7.6234	6.4872	5.9893	5.8251	5.7657
68	0.644664	3.7414	4.6565	-0.4900	7.5453	6.4316	5.9435	5.7831	5.7268
69	0.649022	3.7439	4.6512	-0.4719	7.4693	6.3770	5.8982	5.7418	5.6882
70	0.653318	3.7463	4.6458	-0.4541	7.3958	6.3236	5.8538	5.7011	5.6502
71	0.657546	3.7486	4.6401	-0.4365	7.3246	6.2712	5.8102	5.6610	5.6128
72	0.661691	3.7509	4.6345	-0.4193	7.2563	6.2204	5.7676	5.6217	5.5759
73	0.665750	3.7530	4.6289	-0.4023	7.1904	6.1706	5.7258	5.5833	5.5399
74	0.669728	3.7550	4.6232	-0.3858	7.1268	6.1221	5.6848	5.5456	5.5046
75	0.673616	3.7570	4.6173	-0.3693	7.0658	6.0749	5.6448	5.5087	5.4698
76	0.677418	3.7589	4.6115	-0.3535	7.0067	6.0286	5.6055	5.4724	5.4357
77	0.681138	3.7608	4.6058	-0.3377	6.9497	5.9834	5.5672	5.4369	5.4022
78	0.684783	3.7627	4.6000	-0.3223	6.8944	5.9392	5.5294	5.4019	5.3693
79	0.688352	3.7645	4.5942	-0.3072	6.8409	5.8958	5.4923	5.3676	5.3370
80	0.691858	3.7663	4.5886	-0.2922	6.7885	5.8531	5.4558	5.3337	5.3051
81	0.695301	3.7680	4.5828	-0.2774	6.7377	5.8113	5.4199	5.3004	5.2738
82	0.700168	3.7704	4.5747	-0.2565	6.6661	5.7519	5.3689	5.2532	5.2293
83	0.705030	3.7729	4.5665	-0.2354	6.5946	5.6923	5.3178	5.2058	5.1846
84	0.709885	3.7753	4.5582	-0.2142	6.5234	5.6326	5.2665	5.1583	5.1398
85	0.714716	3.7778	4.5498	-0.1930	6.4531	5.5729	5.2152	5.1107	5.0950
86	0.719510	3.7803	4.5412	-0.1718	6.3836	5.5132	5.1638	5.0630	5.0500
87	0.724254	3.7827	4.5325	-0.1506	6.3156	5.4540	5.1124	5.0154	5.0051
88	0.728931	3.7851	4.5236	-0.1294	6.2489	5.3952	5.0614	4.9679	4.9603
89	0.733528	3.7873	4.5146	-0.1085	6.1841	5.3370	5.0106	4.9207	4.9156
90	0.738032	3.7896	4.5054	-0.0876	6.1209	5.2794	4.9602	4.8737	4.8711
91	0.742436	3.7918	4.4961	-0.0670	6.0596	5.2227	4.9102	4.8269	4.8268
92	0.746733	3.7939	4.4865	-0.0466	5.9998	5.1668	4.8606	4.7804	4.7825
93	0.750921	3.7958	4.4767	-0.0264	5.9411	5.1119	4.8116	4.7342	4.7386
94	0.754992	3.7978	4.4667	-0.0064	5.8835	5.0576	4.7633	4.6888	4.6952
95	0.758948	3.7995	4.4566	0.0132	5.8264	5.0036	4.7157	4.6444	4.6529
96	0.762800	3.8013	4.4463	0.0328	5.7702	4.9502	4.6687	4.6002	4.6109
97	0.766553	3.8030	4.4358	0.0523	5.7150	4.8973	4.6219	4.5566	4.5692
98	0.770211	3.8047	4.4252	0.0715	5.6610	4.8449	4.5753	4.5127	4.5273
99	0.773783	3.8062	4.4144	0.0907	5.6086	4.7933	4.5287	4.4686	4.4851
100	0.777275	3.8078	4.4033	0.1097	5.5570	4.7419	4.4820	4.4243	4.4427
101	0.780684	3.8093	4.3920	0.1287	5.5067	4.6912	4.4356	4.3802	4.4002
102	0.784011	3.8106	4.3806	0.1476	5.4567	4.6407	4.3893	4.3360	4.3577
103	0.787260	3.8119	4.3689	0.1662	5.4078	4.5907	4.3434	4.2922	4.3154
104	0.790436	3.8132	4.3571	0.1849	5.3592	4.5410	4.2977	4.2485	4.2733
105	0.793543	3.8144	4.3450	0.2034	5.3116	4.4917	4.2524	4.2050	4.2313
106	0.796582	3.8156	4.3330	0.2217	5.2645	4.4429	4.2073	4.1620	4.1895
107	0.799554	3.8166	4.3207	0.2399	5.2180	4.3945	4.1626	4.1190	4.1480
108	0.802466	3.8177	4.3083	0.2580	5.1722	4.3465	4.1182	4.0764	4.1066
109	0.805324	3.8186	4.2958	0.2758	5.1270	4.2992	4.0740	4.0337	4.0651
110	0.808130	3.8195	4.2831	0.2936	5.0825	4.2524	4.0302	3.9915	4.0240
111	0.810886	3.8203	4.2703	0.3111	5.0385	4.2061	3.9867	3.9494	3.9829
112	0.811744	3.8206	4.2662	0.3168	5.0243	4.1910	3.9726	3.9359	3.9698
113	0.812600	3.8209	4.2623	0.3226	5.0098	4.1757	3.9584	3.9222	3.9565
114	0.813458	3.8212	4.2583	0.3283	4.9953	4.1604	3.9441	3.9085	3.9432
115	0.814314	3.8216	4.2542	0.3342	4.9807	4.1449	3.9297	3.8947	3.9298
116	0.815172	3.8219	4.2501	0.3401	4.9660	4.1293	3.9151	3.8806	3.9161
117	0.816028	3.8222	4.2459	0.3460	4.9513	4.1137	3.9005	3.8665	3.9023
118	0.816884	3.8225	4.2415	0.3520	4.9363	4.0978	3.8856	3.8521	3.8884
119	0.817737	3.8227	4.2370	0.3581	4.9213	4.0819	3.8706	3.8375	3.8741
120	0.818588	3.8230	4.2322	0.3642	4.9062	4.0659	3.8553	3.8227	3.8596
121	0.819435	3.8232	4.2273	0.3704	4.8910	4.0496	3.8398	3.8076	3.8447
122	0.820280	3.8234	4.2222	0.3767	4.8756	4.0333	3.8241	3.7923	3.8296
123	0.821121	3.8235	4.2170	0.3830	4.8602	4.0169	3.8084	3.7767	3.8143
124	0.821959	3.8236	4.2115	0.3894	4.8446	4.0003	3.7923	3.7610	3.7988
125	0.822796	3.8238	4.2061	0.3959	4.8289	3.9836	3.7761	3.7451	3.7831
126	0.823628	3.8239	4.2004	0.4025	4.8131	3.9667	3.7598	3.7289	3.7671
127	0.824457	3.8240	4.1947	0.4090	4.7971	3.9497	3.7432	3.7126	3.7510
128	0.825283	3.8241	4.1887	0.4157	4.7811	3.9326	3.7266	3.6962	3.7346
129	0.826106	3.8242	4.1827	0.4224	4.7649	3.9155	3.7097	3.6795	3.7180
130	0.826924	3.8242	4.1765	0.4292	4.7487	3.8982	3.6928	3.6627	3.7012
131	0.827738	3.8242	4.1702	0.4360	4.7323	3.8808	3.6755	3.6457	3.6842
132	0.828546	3.8242	4.1637	0.4429	4.7158	3.8632	3.6582	3.6284	3.6670
133	0.829349	3.8242	4.1569	0.4499	4.6993	3.8456	3.6407	3.6108	3.6494
134	0.830146	3.8241	4.1500	0.4569	4.6827	3.8279	3.6229	3.5930	3.6315
135	0.830935	3.8240	4.1428	0.4639	4.6660	3.8102	3.6050	3.5750	3.6134
136	0.831719	3.8238	4.1354	0.4711	4.6492	3.7922	3.5869	3.5568	3.5950
137	0.832494	3.8236	4.1279	0.4783	4.6323	3.7743	3.5687	3.5382	3.5762
138	0.833263	3.8234	4.1200	0.4856	4.6153	3.7562	3.5502	3.5196	3.5573
139	0.834022	3.8231	4.1120	0.4929	4.5983	3.7382	3.5316	3.5006	3.5380
140	0.834774	3.8228	4.1036	0.5003	4.5813	3.7200	3.5128	3.4814	3.5185
141	0.835516	3.8224	4.0951	0.5078	4.5642	3.7018	3.4939	3.4619	3.4986
142	0.836248	3.8220	4.0863	0.5153	4.5470	3.6836	3.4747	3.4423	3.4784
143	0.836970	3.8215	4.0770	0.5229	4.5298	3.6653	3.4553	3.4222	3.4579
144	0.837681	3.8210	4.0676	0.5305	4.5126	3.6470	3.4357	3.4020	3.4370
145	0.838380	3.8204	4.0579	0.5382	4.4953	3.6288	3.4160	3.3815	3.4157
146	0.839066	3.8197	4.0477	0.5460	4.4782	3.6106	3.3960	3.3606	3.3940
147	0.839740	3.8189	4.0372	0.5538	4.4609	3.5923	3.3759	3.3394	3.3720
148	0.840402	3.8181	4.0264	0.5617	4.4438	3.5743	3.3555	3.3177	3.3494
149	0.841048	3.8172	4.0151	0.5696	4.4266	3.5563	3.3350	3.2958	3.3263
150	0.841682	3.8161	4.0035	0.5775	4.4093	3.5385	3.3140	3.2731	3.3025
151	0.842299	3.8150	3.9913	0.5855	4.3920	3.5211	3.2927	3.2501	3.2780
152	0.842900	3.8137	3.9785	0.5935	4.3749	3.5038	3.2713	3.2266	3.2531
153	0.843486	3.8123	3.9653	0.6016	4.3583	3.4868	3.2498	3.2030	3.2278
154	0.844056	3.8109	3.9514	0.6097	4.3421	3.4699	3.2283	3.1791	3.2021
155	0.844609	3.8092	3.9372	0.6177	4.3269	3.4533	3.2071	3.1554	3.1766
156	0.845146	3.8074	3.9223	0.6258	4.3126	3.4370	3.1860	3.1316	3.1506
157	0.845666	3.8055	3.9065	0.6339	4.2990	3.4212	3.1650	3.1077	3.1244
158	0.846169	3.8034	3.8900	0.6419	4.2863	3.4060	3.1440	3.0835	3.0978
159	0.846656	3.8010	3.8729	0.6500	4.2740	3.3915	3.1229	3.0591	3.0705
160	0.847129	3.7984	3.8550	0.6580	4.2629	3.3775	3.1020	3.0344	3.0429
161	0.847586	3.7956	3.8363	0.6659	4.2533	3.3644	3.0812	3.0095	3.0148
162	0.847954	3.7931	3.8198	0.6724	4.2476	3.3544	3.0639	2.9884	2.9907
163	0.848322	3.7904	3.8026	0.6789	4.2436	3.3450	3.0465	2.9669	2.9661
164	0.848686	3.7875	3.7847	0.6854	4.2404	3.3362	3.0292	2.9453	2.9412
165	0.849049	3.7844	3.7660	0.6918	4.2384	3.3285	3.0121	2.9235	2.9157
166	0.849407	3.7807	3.7452	0.6981	4.2405	3.3233	2.9951	2.9006	2.8886
167	0.849754	3.7758	3.7201	0.7040	4.2515	3.3229	2.9781	2.8758	2.8582
168	0.850099	3.7709	3.6949	0.7097	4.2663	3.3232	2.9621	2.8522	2.8288
169	0.850453	3.7669	3.6727	0.7158	4.2778	3.3207	2.9457	2.8293	2.8013
170	0.850807	3.7634	3.6526	0.7223	4.2864	3.3157	2.9286	2.8067	2.7745
171	0.851150	3.7601	3.6326	0.7293	4.2936	3.3094	2.9107	2.7836	2.7476
172	0.851477	3.7571	3.6126	0.7369	4.2987	3.3010	2.8917	2.7596	2.7199
173	0.851783	3.7542	3.5931	0.7453	4.3005	3.2898	2.8708	2.7344	2.6915
174	0.852064	3.7517	3.5742	0.7543	4.2992	3.2760	2.8484	2.7080	2.6621
175	0.852324	3.7495	3.5560	0.7639	4.2943	3.2598	2.8246	2.6808	2.6323
176	0.852563	3.7477	3.5386	0.7740	4.2863	3.2414	2.7997	2.6530	2.6024
177	0.852786	3.7461	3.5223	0.7845	4.2744	3.2210	2.7739	2.6250	2.5725
178	0.852996	3.7447	3.5060	0.7949	4.2620	3.2003	2.7481	2.5970	2.5427
179	0.853196	3.7435	3.4905	0.8057	4.2469	3.1780	2.7217	2.5686	2.5129
180	0.853387	3.7424	3.4754	0.8164	4.2310	3.1555	2.6950	2.5402	2.4832
181	0.853572	3.7414	3.4606	0.8273	4.2138	3.1322	2.6682	2.5118	2.4536
182	0.853796	3.7402	3.4426	0.8410	4.1914	3.1027	2.6345	2.4763	2.4167
183	0.854016	3.7392	3.4246	0.8549	4.1672	3.0719	2.6000	2.4400	2.3791
184	0.854237	3.7382	3.4067	0.8693	4.1416	3.0401	2.5645	2.4030	2.3409
185	0.854454	3.7374	3.3888	0.8838	4.1148	3.0077	2.5286	2.3655	2.3023
186	0.854671	3.7366	3.3709	0.8985	4.0870	2.9743	2.4922	2.3277	2.2636
187	0.854887	3.7358	3.3533	0.9133	4.0577	2.9402	2.4553	2.2896	2.2244
188	0.855102	3.7351	3.3356	0.9283	4.0283	2.9059	2.4182	2.2512	2.1852
189	0.855317	3.7345	3.3179	0.9434	3.9980	2.8710	2.3807	2.2126	2.1457
190	0.855531	3.7339	3.3003	0.9587	3.9669	2.8355	2.3430	2.1738	2.1061
191	0.855743	3.7333	3.2826	0.9740	3.9354	2.7998	2.3050	2.1348	2.0664
192	0.855955	3.7327	3.2649	0.9895	3.9031	2.7635	2.2667	2.0955	2.0263
193	0.856165	3.7322	3.2473	1.0052	3.8701	2.7266	2.2279	2.0558	1.9860
194	0.856376	3.7316	3.2294	1.0210	3.8369	2.6894	2.1889	2.0158	1.9454
195	0.856584	3.7311	3.2114	1.0370	3.8029	2.6516	2.1493	1.9754	1.9043
196	0.856790	3.7306	3.1933	1.0532	3.7682	2.6133	2.1091	1.9345	1.8627
197	0.856995	3.7301	3.1750	1.0698	3.7327	2.5741	2.0684	1.8929	1.8205
198	0.857198	3.7296	3.1562	1.0866	3.6967	2.5344	2.0270	1.8508	1.7777
199	0.857397	3.7291	3.1373	1.1035	3.6602	2.4940	1.9849	1.8079	1.7342
200	0.857594	3.7286	3.1180	1.1210	3.6225	2.4526	1.9418	1.7641	1.6898
201	0.857785	3.7280	3.0980	1.1390	3.5836	2.4098	1.8974	1.7189	1.6439
202	0.857969	3.7275	3.0774	1.1576	3.5430	2.3653	1.8513	1.6720	1.5963
203	0.858147	3.7269	3.0559	1.1767	3.5022	2.3199	1.8039	1.6236	1.5472
204	0.858319	3.7265	3.0345	1.1965	3.4589	2.2727	1.7552	1.5742	1.4972
205	0.858487	3.7259	3.0122	1.2165	3.4159	2.2251	1.7056	1.5238	1.4460
206	0.858648	3.7253	2.9893	1.2369	3.3724	2.1767	1.6551	1.4724	1.3938
207	0.858807	3.7247	2.9661	1.2577	3.3289	2.1278	1.6039	1.4201	1.3407
208	0.858961	3.7239	2.9424	1.2788	3.2848	2.0781	1.5519	1.3670	1.2868
209	0.859110	3.7233	2.9184	1.3002	3.2402	2.0279	1.4993	1.3133	1.2321
210	0.859255	3.7226	2.8940	1.3218	3.1952	1.9771	1.4460	1.2589	1.1767
211	0.859395	3.7219	2.8693	1.3437	3.1499	1.9258	1.3920	1.2037	1.1207
212	0.859530	3.7211	2.8440	1.3658	3.1045	1.8740	1.3376	1.1479	1.0639
213	0.859662	3.7203	2.8186	1.3883	3.0586	1.8217	1.2825	1.0916	1.0064
214	0.859790	3.7196	2.7931	1.4108	3.0116	1.7689	1.2269	1.0346	0.9486
215	0.859912	3.7188	2.7671	1.4337	2.9645	1.7157	1.1708	0.9773	0.8900
216	0.860030	3.7179	2.7408	1.4568	2.9177	1.6622	1.1144	0.9194	0.8310
217	0.860052	3.7178	2.7359	1.4611	2.9087	1.6522	1.1037	0.9086	0.8200
218	0.860073	3.7176	2.7310	1.4654	2.9000	1.6422	1.0932	0.8977	0.8089
219	0.860095	3.7175	2.7259	1.4698	2.8912	1.6321	1.0825	0.8868	0.7978
220	0.860116	3.7173	2.7209	1.4742	2.8822	1.6219	1.0717	0.8758	0.7865
221	0.860138	3.7172	2.7160	1.4786	2.8733	1.6118	1.0610	0.8647	0.7753
222	0.860158	3.7170	2.7110	1.4830	2.8642	1.6015	1.0501	0.8536	0.7640
223	0.860180	3.7169	2.7058	1.4874	2.8553	1.5913	1.0393	0.8425	0.7526
224	0.860201	3.7167	2.7008	1.4919	2.8462	1.5810	1.0284	0.8313	0.7412
225	0.860221	3.7165	2.6956	1.4964	2.8373	1.5706	1.0175	0.8201	0.7298
226	0.860242	3.7164	2.6906	1.5008	2.8282	1.5603	1.0065	0.8088	0.7182
227	0.860444	3.7146	2.6384	1.5462	2.7375	1.4556	0.8951	0.6945	0.6016
228	0.860618	3.7130	2.5888	1.5892	2.6545	1.3576	0.7898	0.5859	0.4908
229	0.860791	3.7112	2.5357	1.6354	2.5669	1.2526	0.6765	0.4693	0.3718
230	0.860943	3.7096	2.4846	1.6801	2.4819	1.1503	0.5664	0.3561	0.2562
231	0.861079	3.7076	2.4325	1.7246	2.4031	1.0509	0.4576	0.2435	0.1410
232	0.861206	3.7058	2.3816	1.7679	2.3264	0.9545	0.3518	0.1340	0.0290
233	0.861321	3.7039	2.3324	1.8097	2.2518	0.8609	0.2502	0.0289	-0.0787
234	0.861430	3.7020	2.2824	1.8521	2.1764	0.7665	0.1474	-0.0775	-0.1879
235	0.861528	3.7002	2.2356	1.8919	2.1060	0.6782	0.0514	-0.1769	-0.2899
236	0.861618	3.6987	2.1943	1.9271	2.0421	0.5994	-0.0341	-0.2654	-0.3806
237	0.861705	3.6971	2.1525	1.9628	1.9775	0.5204	-0.1203	-0.3546	-0.4720
238	0.861784	3.6952	2.1038	2.0037	1.9084	0.4320	-0.2182	-0.4564	-0.5769
239	0.861858	3.6933	2.0571	2.0429	1.8426	0.3474	-0.3121	-0.5541	-0.6775
240	0.861926	3.6916	2.0157	2.0776	1.7851	0.2726	-0.3952	-0.6405	-0.7666
241	0.861990	3.6906	1.9891	2.1000	1.7490	0.2246	-0.4487	-0.6961	-0.8239
242	0.862053	3.6911	1.9987	2.0926	1.7597	0.2391	-0.4312	-0.6775	-0.8044
243	0.862121	3.6899	1.9682	2.1186	1.7173	0.1832	-0.4932	-0.7420	-0.8709
244	0.862185	3.6875	1.9121	2.1647	1.6484	0.0861	-0.6029	-0.8569	-0.9896
245	0.862243	3.6850	1.8565	2.2105	1.5854	-0.0092	-0.7113	-0.9705	-1.1071
246	0.862295	3.6826	1.8021	2.2553	1.5277	-0.1014	-0.8166	-1.0812	-1.2216
247	0.862343	3.6802	1.7476	2.2999	1.4727	-0.1929	-0.9217	-1.1918	-1.3362
248	0.862386	3.6778	1.6952	2.3427	1.4217	-0.2797	-1.0220	-1.2976	-1.4458
249	0.862424	3.6754	1.6445	2.3842	1.3744	-0.3630	-1.1188	-1.3998	-1.5518
250	0.862460	3.6732	1.5948	2.4247	1.3304	-0.4436	-1.2129	-1.4994	-1.6552
251	0.862491	3.6709	1.5466	2.4639	1.2899	-0.5209	-1.3037	-1.5958	-1.7551
252	0.862520	3.6687	1.4989	2.5027	1.2521	-0.5963	-1.3929	-1.6904	-1.8537
253	0.862548	3.6664	1.4520	2.5404	1.2201	-0.6680	-1.4791	-1.7824	-1.9496
254	0.862572	3.6640	1.4059	2.5773	1.1929	-0.7369	-1.5631	-1.8722	-2.0434
255	0.862595	3.6617	1.3606	2.6134	1.1694	-0.8032	-1.6446	-1.9597	-2.1349
256	0.862616	3.6593	1.3159	2.6488	1.1496	-0.8671	-1.7242	-2.0453	-2.2247
257	0.862635	3.6571	1.2719	2.6835	1.1330	-0.9289	-1.8019	-2.1291	-2.3127
258	0.862653	3.6547	1.2287	2.7176	1.1194	-0.9883	-1.8775	-2.2109	-2.3986
259	0.862670	3.6525	1.1864	2.7508	1.1090	-1.0451	-1.9506	-2.2903	-2.4823
260	0.862686	3.6503	1.1448	2.7834	1.1014	-1.0998	-2.0219	-2.3679	-2.5641
261	0.862699	3.6480	1.1042	2.8150	1.0968	-1.1521	-2.0907	-2.4430	-2.6434
262	0.862712	3.6458	1.0637	2.8465	1.0952	-1.2027	-2.1582	-2.5171	-2.7220
263	0.862725	3.6435	1.0245	2.8769	1.0960	-1.2508	-2.2232	-2.5886	-2.7977
264	0.862736	3.6413	0.9856	2.9069	1.0996	-1.2972	-2.2868	-2.6588	-2.8724
265	0.862747	3.6391	0.9474	2.9360	1.1088	-1.3399	-2.3474	-2.7263	-2.9445
266	0.862757	3.6368	0.9096	2.9648	1.1211	-1.3807	-2.4064	-2.7924	-3.0154
267	0.862766	3.6345	0.8725	2.9930	1.1355	-1.4196	-2.4637	-2.8568	-3.0845
268	0.862775	3.6324	0.8361	3.0205	1.1509	-1.4567	-2.5193	-2.9194	-3.1518
269	0.862784	3.6302	0.8006	3.0474	1.1667	-1.4928	-2.5734	-2.9806	-3.2176
270	0.862791	3.6281	0.7658	3.0739	1.1827	-1.5279	-2.6265	-3.0406	-3.2821
271	0.862799	3.6260	0.7315	3.0998	1.1992	-1.5618	-2.6783	-3.0992	-3.3453
272	0.862806	3.6240	0.6980	3.1254	1.2160	-1.5946	-2.7289	-3.1566	-3.4071
273	0.862813	3.6220	0.6655	3.1501	1.2336	-1.6257	-2.7776	-3.2121	-3.4670
274	0.862819	3.6202	0.6336	3.1744	1.2517	-1.6555	-2.8252	-3.2664	-3.5257
275	0.862825	3.6184	0.6026	3.1981	1.2705	-1.6839	-2.8711	-3.3190	-3.5827
276	0.862831	3.6166	0.5723	3.2213	1.2897	-1.7110	-2.9158	-3.3704	-3.6384
277	0.862835	3.6148	0.5427	3.2440	1.3096	-1.7367	-2.9590	-3.4202	-3.6924
278	0.862840	3.6132	0.5144	3.2657	1.3276	-1.7618	-3.0008	-3.4682	-3.7445
279	0.862859	3.6118	0.4896	3.2849	1.3424	-1.7843	-3.0381	-3.5109	-3.7909
